datasets:
  nonlinear:
    subgp_cols: [[0, 1]]
    adjust_cols: [[0, 1]]
    seeds: [100, 101, 102, 103, 104, 105, 106, 107, 108, 109]
    hypers: [2000]
    R_star: [[-0.4082482904638631, -0.4082482904638631], [0.4082482904638631, 0.4082482904638631]]

methods: ['ddgroup', 'base', 'prim', 'survival_tree', 'cox_tree', 'random', 'c_ind_ddgroup', 'pl_ddgroup', 'no_exp_ddgroup']